00000000 94 31 101 
00001860 84 31 101 
00003000 94 24 73 
00003230 84 24 73 
00001000 94 38 82 
00002860 84 38 82 
00001000 97 106 96 
00001760 87 106 96 
00003000 97 99 83 
00003450 87 99 83 
00002000 97 113 69 
00002450 87 113 69 
00002000 97 106 96 
00002760 87 106 96 
00003000 97 99 83 
00003450 87 99 83 
00002000 97 113 69 
00002450 87 113 69 
00001000 90 149 96 
00001760 80 149 96 
00003000 90 142 83 
00003450 80 142 83 
00002000 90 101 69 
00002450 80 101 69 
00002000 90 149 96 
00002760 80 149 96 
00003000 90 142 83 
00003450 80 142 83 
00002000 90 101 69 
00002450 80 101 69 
00001000 91 97 96 
00001760 81 97 96 
00003000 91 118 83 
00003450 81 118 83 
00002000 91 104 69 
00002450 81 104 69 
00002000 91 97 96 
00002760 81 97 96 
00003000 91 118 83 
00003450 81 118 83 
00002000 91 104 69 
00002450 81 104 69 
00002000 91 10 77 
00002095 81 10 77 
00002500 91 rest 56 
00002588 81 rest 56 
00002166 91 17 63 
00002230 81 17 63 
00002333 91 10 56 
00002860 81 10 56 
00002666 91 24 70 
00002798 81 24 70 
00002166 91 17 63 
00002198 81 17 63 
00002000 94 31 101 
00003860 84 31 101 
00005000 94 24 73 
00005230 84 24 73 
00003000 94 38 82 
00004860 84 38 82 
00003000 97 106 96 
00003760 87 106 96 
00005000 97 99 83 
00005450 87 99 83 
00004000 97 113 69 
00004450 87 113 69 
00004000 97 106 96 
00004760 87 106 96 
00005000 97 99 83 
00005450 87 99 83 
00004000 97 113 69 
00004450 87 113 69 
00004000 90 149 96 
00004760 80 149 96 
00006000 90 142 83 
00006450 80 142 83 
00005000 90 101 69 
00005450 80 101 69 
00005000 90 149 96 
00005760 80 149 96 
00006000 90 142 83 
00006450 80 142 83 
00005000 90 101 69 
00005450 80 101 69 
00005000 91 97 96 
00005760 81 97 96 
00007000 91 118 83 
00007450 81 118 83 
00006000 91 104 69 
00006450 81 104 69 
00006000 91 97 96 
00006760 81 97 96 
00007000 91 118 83 
00007450 81 118 83 
00006000 91 104 69 
00006450 81 104 69 
