17
19
37
41
383
53
31
67
97
101
103
107
113
131
717
719
737
741
7383
753
731
767
797
7101
7103
7107
7113
7131
511
517
911
480404345
164296170
288550619
499722425
885913759
160551993
656498440
211684407
462551379
116597922
78434902
364271394
259171497
344100153
919390951
500530207
715816952
604371656
717178979
729424076
769356800
142037719
584742635
294191012
324309185
857471634
485910627
375029083
567243309
734252938
870857553
813267558
810092372
630592282
709008908
543997709
363898008
332474062
187191981
773073318
388817656
433335112
915395113
118202291
198788757
896032331
689435740
382416705
729308288
708541144
894527622
26266275
297970428
707638947
227169950
551148341
40596422
893763944
298349620
55494019
413098991
855429277
534979799
111098727
532664706
235633488
463565183
221316753
445898864
379646379
816143737
399157385
334889187
357110853
40367776
150128935
488333339
651216213
90776819
374741530
723062127
228882652
320497999
215015433
278478043
284712384
829427317
34281330
608741456
372647170
632253307
684869101
876722800
218087687
783875083
904220452
727929487
403415345
630201656
756648968
